1237	-6381	-3554	-7891	-8197	9512	-4680	3147	3220	514	
9032	-5605	4239	3533	5018	-4606	-141	-4835	8189	-6367	
1763	-3010	7115	4334	5374	-6247	-6650	8336	2372	3231	
-9507	5430	9873	-4107	7406	-4747	-8498	-3364	1989	-7651	
-8291	4636	7491	3798	3602	4301	26	-1988	1506	-3710	
8500	2356	-9645	5330	820	458	498	-3740	6388	-5111	
-3548	-5258	-7411	1686	7188	1866	-2347	457	2379	6542	
3107	-7000	190	-8153	-2546	-1982	-9439	-4295	-5325	-955	
-2470	-9164	7317	-9635	-8720	-8129	-1121	3530	-6975	5690	
-8987	-420	-4109	8307	-9495	8750	-734	6279	-9095	-4164	
-3272	-5166	2741	-8862	-4773	9749	-5330	2610	-1215	-1149	
8970	-3407	-9154	-3416	5028	-1905	6782	-8938	6161	9058	
-6066	2510	9405	5854	7252	-7513	-8300	8659	6367	-3106	
-420	-3102	-7432	-2757	2432	8445	-7560	-965	-4537	-7557	
-3340	1055	-2589	3316	-1964	-2703	-2458	-5281	-6463	-2386	
-5331	-6874	2108	5364	-1535	-222	-7957	7529	6867	-1319	
-6770	1221	1220	-3760	6800	6526	-2169	8526	5273	-370	
3998	-3056	6944	-8637	-9152	-4126	30	-3902	3229	3328	
-7682	-295	-2120	9322	9328	-7680	3635	3069	-1156	2251	
9161	-7116	-4524	3695	4244	-7558	2243	4558	-1105	5546	
8961	-8383	8117	-8987	-4248	3265	6664	7663	1441	-2735	
1326	8935	-3080	7372	-5866	-8223	-1330	4295	6808	6338	
8268	8930	-2053	-329	277	-3216	1616	-7309	-4203	-6528	
-9957	707	-9418	-3448	7473	-3185	17	-6387	-4003	-2385	
-1023	-3374	-2051	-3353	-8525	3546	9962	2369	1657	-7653	
8245	9542	3646	5281	-3956	-6408	-5931	4188	-6149	3663	
5770	7528	6704	2862	-9350	-8201	6583	5697	2270	-7747	
6596	5813	-8799	5783	8975	-5708	1619	-5960	-232	-7044	
-9289	-7310	4460	763	-3561	5502	7969	-9718	8183	3496	
-5605	-2110	2343	3897	-2767	9663	9041	-2174	5577	-1584	
243	-6621	960	1527	-6393	-7755	6886	5347	-9603	5594	
38	6376	3050	3679	-5405	568	-4519	-1718	9917	-9728	
7872	-954	6227	8513	4366	3368	1219	-7030	9761	-6754	
-7635	1711	-6892	6803	-8267	-7353	-8363	6081	-4569	-2745	
-2924	-2669	-3755	-233	-9161	6870	-2660	-2738	-9046	1180	
613	2288	-748	-5620	-2809	-9664	4710	-6391	9513	8322	
844	-2723	-347	5074	-1371	8930	-7351	9307	-1232	-4818	
4599	-5611	-6596	9464	2411	-2402	-4510	-4405	3645	563	
-6866	-8858	-6916	8108	-2249	2061	2907	-7086	-3344	-6832	
-3000	-5923	7703	-1931	-5673	8462	-9269	-9884	1053	-7323	
-9093	3536	2456	6656	6554	-5539	2540	-5807	-6386	9362	
5384	-3013	2215	-5091	-3641	1513	-5395	9437	1107	-3573	
-462	3568	6276	3918	-154	-4135	8037	-9930	-1079	-19	
8824	6874	-3332	-9317	-3504	-8324	-623	9110	-2597	-8508	
9024	4832	-189	-9063	-3429	-6188	5386	8795	-9735	1904	
-909	-673	3791	-5155	3936	-3928	-5443	-8099	3797	-2113	
-8348	-5616	4859	-306	3957	-7581	6305	-98	-6299	9046	
7677	907	9084	-1849	912	-6943	-9811	4800	-4664	1462	
3968	3738	-7521	9028	2411	-819	-3040	-5856	-513	-5963	
9322	6716	7071	482	4077	-9771	7979	-836	-8847	-4806	
-3526	2289	-1099	-1606	-1946	-3427	2901	5096	1377	8565	
-3034	8750	4806	7504	-6437	-4821	1834	-2030	3465	-7925	
-7790	-8234	4359	9921	414	-9257	9871	-221	-926	6267	
9026	9154	1653	-35	-8152	229	5602	3189	-331	-671	
-7588	3078	-7289	9623	847	-4508	7307	458	-7951	6048	
-9153	5051	-8616	-4878	-5102	5699	-1211	2210	-7864	4108	
4797	9394	3290	108	-8711	-3284	-3526	8223	3251	-7165	
1908	-1855	449	4104	4655	-4603	574	-6612	467	-2284	
1411	-5107	-9819	2789	-2411	-4193	-9458	-5579	3544	-9736	
9690	1828	9954	8215	4315	3948	-5878	-7918	2222	1054	
5182	2875	1013	4539	-620	-6993	3363	-8021	8729	-4037	
5783	6398	5413	-5269	6944	-3811	-3281	-7792	-9601	-308	
-5508	9388	6377	-8578	-9133	4221	7915	2325	7148	-187	
-6200	9748	-8569	4338	-2050	3715	-3398	7886	4807	-7393	
3650	-4059	-2597	-2917	-9031	1038	819	4343	3976	-5255	
-9624	347	-7340	3027	762	7920	-3211	6841	3341	-805	
-9084	1526	3181	-4489	850	-4902	786	-2642	8021	9306	
4638	-7917	7133	-9698	6788	-2817	-8987	76	3715	9511	
-2394	6062	4527	758	-2267	-8607	7601	-2612	9068	-2659	
-9340	5523	-6667	-7780	-7392	2649	-7997	4361	5301	7247	
6091	-1593	557	2461	3088	2459	-4620	4767	-7155	-6729	
-557	-128	2410	-7517	2263	-6030	5649	-2710	-3439	-7161	
7451	8318	-1226	8688	-3740	2697	4775	2895	-2531	6482	
-3029	4250	-8384	-1336	4599	-6257	8701	-5298	4112	-7410	
-5101	6051	-9208	-8	4763	4781	-5788	1250	8318	-8095	
2718	-6506	-7481	2737	7270	-762	-9389	4786	227	7661	
549	2441	1560	-2524	9398	-2542	5537	-7490	7114	7341	
8732	7553	-6243	-7995	4613	-5278	-9764	-610	-4294	4475	
-8400	9435	-7459	3563	7700	-5911	7032	5866	-7512	-8277	
9370	6151	-33	-5694	6143	1761	7795	9273	-4337	-9026	
-7399	-4597	1021	-3285	-7858	-399	2415	9873	1648	1644	
-1091	7632	-8247	-9269	7058	7099	-7866	5978	3056	-6737	
-5017	-9753	-2896	-3183	-8433	9106	5094	-7645	9274	2480	
-1501	-637	2798	2972	-395	-7615	9994	3291	3689	6202	
5276	-7030	6353	-3306	4751	1318	7680	-8454	-8639	7544	
-7759	906	-6158	9883	9224	4799	-5768	1227	5552	-159	
-2416	5868	-8028	8865	-9393	5908	2889	-7178	1942	6358	
5432	-9710	6660	-5172	2042	-7745	-9595	-3456	8524	-5476	
5896	4535	-255	8366	-369	-1605	-6521	-1883	7519	5987	
3393	1420	6999	-3007	-332	-5876	-5922	-7673	7934	3902	
-7563	9911	-1824	-8565	3499	-8922	-8740	2178	5711	-660	
7609	-556	6944	-6485	1251	-9392	5633	8890	368	9718	
7976	-979	7741	-4038	2517	8386	8503	-2760	-6720	5930	
-6538	1806	9995	-6382	-5436	-902	-9961	-211	7131	9008	
9362	-2176	6316	-9416	-8243	905	283	7107	2252	-6771	
-1272	3944	4343	6845	5033	6367	5902	-9820	-5518	-3144	
-2151	-209	-4137	9369	-2787	2586	-152	819	9482	-9229	
3995	6464	-879	-2739	-1208	-1125	595	-5916	5773	955	
8917	8839	-8942	-3987	4400	6887	2567	9325	-7324	1530	
-3383	514	5165	-6868	-1501	-2893	-7283	580	9521	-4726	
-9399	-146	-6112	-2141	7664	-2582	-3214	-5552	-1130	-7952	
1149	-915	-225	-2755	3507	6747	-1322	-8609	6204	-293	
2141	7386	-8225	-5208	5567	-3468	-7744	3441	1601	7491	
6979	4050	-2216	-2063	-6514	3727	-6956	-4791	-979	-4692	
9945	-8351	4623	-8468	5134	-221	-4274	-7676	-530	2554	
-9876	7738	-5188	4309	-9608	-8577	1844	5787	-3440	3111	
-9507	6796	8449	7617	-134	4080	-3958	-6857	9504	5310	
3166	-6300	7713	683	4519	-6420	-6138	4877	9032	5501	
2364	9898	-8197	3520	-9946	9634	-3366	-8676	8464	-6858	
-2823	3975	-3485	-6253	527	-5526	-300	-6625	950	6000	
-7080	-1089	6120	362	1586	-6142	2281	8962	8012	1614	
-2044	2810	-8124	4165	4462	-1887	3965	3315	-1402	-4591	
-329	1751	9886	-824	-6279	4236	3219	3680	7915	-5742	
2903	-4531	2816	4062	-4048	-4333	8560	-8037	-4070	6626	
9219	-453	-1657	-5841	7977	9790	-7161	4528	167	5949	
4866	-1261	6381	1300	930	507	-1182	-9942	5710	569	
-2592	-8450	9617	3171	1021	-3121	2970	-6893	-5954	-5144	
-7044	4095	4624	-1689	8021	9232	2129	8617	2923	-8351	
712	-1452	1906	-4778	1941	2943	4299	-138	-7517	-7038	
-5305	-1465	-7014	8118	-2743	7237	-5935	7048	2569	-6690	
-1983	-2465	-3500	-6419	2805	-3769	5649	-8176	-5794	-5222	
286	-7223	962	-7061	-7719	-9074	-6956	-6226	-4228	9997	
95	8615	2847	-7873	7131	-2451	9025	-5977	8579	-9477	
8033	-7704	-2915	2035	6374	7264	-7240	-369	9567	1925	
-4716	806	-8315	3323	-2693	5815	-612	-977	6798	1556	
5560	9842	-1126	-1330	2557	-11	9161	-6311	7806	2718	
8660	5724	6055	7429	4726	-5960	-4874	7213	-6980	5746	
228	194	-5031	-8609	2434	9483	2358	-9301	1918	1452	
4838	-8442	-8635	-1924	-8264	-1973	-3838	-6435	2278	4013	
4677	6301	714	4097	5855	6792	5552	-893	6377	9064	
-5370	-8250	-4668	5594	-5425	-805	-3077	-4754	9464	8028	
5796	1275	-8414	8246	6502	-3108	-1506	1137	-1259	-2581	
-7754	-9314	7000	5401	5800	2396	3724	-5625	-4978	-1946	
6177	1155	-3848	2780	8546	6499	1212	-6291	7858	-5161	
-6237	-6722	-4974	-7314	-4796	1913	1023	9320	-8114	5397	
-8136	-9965	9375	862	-3139	4037	-4206	2049	4818	-6732	
4149	-8969	419	-4331	7000	-4725	2819	-7889	2305	-4055	
8525	-9189	-4739	8484	1643	-3685	6225	1924	-7500	1332	
9199	-4661	6383	-5783	-1533	1155	-1866	-9163	-8467	6598	
4023	-2620	457	-888	8916	-4785	-8022	8357	9034	-9933	
8197	7939	2830	8493	-3319	8291	-3405	-9708	-7475	-8886	
4393	-622	-7646	-3386	-5697	8096	3975	-9600	6729	7678	
-2404	4445	-3236	1164	3118	5263	5398	-3161	-5040	-4066	
8315	2595	-4693	-1105	-8805	-3902	-2196	3983	-7697	-7986	
1148	-3873	3138	3545	-9235	9019	2380	-1554	-2417	-7192	
9464	-3373	-925	-4902	5256	5150	7047	-1633	-5681	657	
5680	8748	-9380	5203	4534	9922	-4010	1068	-823	-1732	
2627	-2307	1761	2423	-9885	-1990	83	-1634	345	-3643	
-769	-3023	9641	-4055	262	-6574	-3428	4911	-2471	-8787	
-8319	-576	-1651	-6527	2511	7575	-3285	6222	2821	-5918	
9604	3581	-3726	-9419	737	5222	6800	-4757	-9128	-1661	
-7382	763	-8486	-8625	3135	-7373	-5366	1049	6975	1363	
-4440	1547	6322	-5368	9740	5298	-5256	4163	-4114	2473	
-9589	9173	-7935	-8858	2080	-2070	512	-3935	333	-608	
-6816	253	996	9730	-7194	5812	-7875	-6811	-1486	-7773	
-46	-5634	4792	-5745	7108	4477	47	6866	2684	5355	
-8509	-4346	5515	-4836	9765	3533	9746	-6896	9442	-9286	
-6786	-244	-3408	-9088	-3637	-401	2117	-6954	-1591	1812	
-4094	8515	-420	-7612	7181	-4213	3165	-1771	-1380	5974	
8414	-5438	4877	-3527	8203	-5848	-2093	7076	-4980	9947	
6122	-1785	583	-5725	-6709	-8670	4898	-810	-964	-9177	
-5658	371	1727	-2898	1215	-200	-6934	6069	-2560	-1055	
-3882	3282	4739	5886	5425	2838	-1490	7663	-9809	2336	
-3311	-4994	5149	-8837	2572	3226	5846	3285	5198	4555	
686	9597	-4873	-9577	-7572	-7497	1183	-5040	5492	2656	
7760	-3753	-3870	665	-6418	-3119	9331	978	760	-2844	
-9091	-9228	1798	-4209	-2785	-2742	2481	-7068	-3885	-1363	
7186	5154	3072	9739	8866	-4813	4205	-7244	9217	-5026	
9647	7776	1235	7306	-1373	-416	2628	17	-4809	6847	
5612	-7940	-5406	-6027	-4754	8640	1716	-2519	-1862	-8683	
712	255	7346	-7537	-4329	-8283	2410	-9221	-5050	-6442	
5385	-1576	2207	-5078	8972	-8337	8285	1850	5545	-1712	
5888	4243	-2928	1482	-1439	119	-4146	2503	-4672	-1750	
-9973	-9918	-8839	-5377	2100	-5530	4053	2944	-5965	2980	
-8100	-6732	6970	-1456	263	3856	8478	8729	5716	-3235	
-1440	3299	-7180	1313	6279	-4925	-9826	-755	-8599	6102	
4166	6562	-1047	-5058	712	-9343	8442	3546	-8706	-7698	
2049	-3231	8562	-2272	-40	-2117	-8083	-1304	-7953	5468	
5197	-9221	2381	-9922	885	3901	-9739	-3238	1598	-3316	
1892	1954	4619	998	-3178	-4802	4923	-9800	-6328	2913	
5528	8517	9144	5991	9100	4879	-3288	2605	-9773	-1948	
-2718	-403	843	5160	-3051	8949	4872	9051	-642	9379	
-6140	9895	1794	3647	-6957	-5239	-5737	-2155	3349	2969	
-7741	4717	-4667	-1097	8220	-7863	3886	276	110	7323	
5054	1082	1723	128	1170	7257	-2116	3324	3088	-6544	
7718	3123	-9836	8884	-5848	-9087	4386	-3649	-4047	-8168	
-4870	-8712	-8082	3060	458	6554	433	8796	3325	-2204	
-4211	1334	-3503	-3586	3390	3431	8327	7874	5637	-2873	
7795	5838	5169	9501	5811	3653	-1735	-6500	-452	-4900	
5350	-4903	6511	-728	-9522	-5144	-9621	7905	-5541	-1262	
1084	-1581	-5622	1877	-2830	-3966	-3762	-4168	-8756	-5993	
-3531	-6326	3699	5099	-9597	6262	7363	-8402	3706	-9052	
-220	-1195	-2725	-1073	-7753	6398	-9114	8606	-1940	-7615	
-2	-3326	6544	-3787	9096	-7701	-2173	-7813	593	-4761	
-185	-8533	-1169	4184	-5675	-1254	-3520	6065	4778	-763	
-3857	-9779	6303	-5540	-9163	-4788	-5514	-9075	-9221	6282	
-1968	-8500	7902	8413	-9829	-8675	-9332	9132	73	990	
8618	8487	3932	-6317	632	2343	-3683	-7377	-2484	3426	
76	3867	-5093	8426	3313	-4441	-874	1028	2705	8651	
-2511	-8640	-7620	6360	9951	-774	-1757	-6177	-7815	5035	
6888	3517	2877	7724	-4691	5795	-3501	4713	-146	8094	
4171	-5538	7083	2279	4258	-8495	4317	-5623	3044	7755	
298	-2135	4779	-2732	4692	-8073	-1915	-8694	2251	-5327	
-6956	-3138	-8829	-850	4398	-4917	3232	2350	4037	-6317	
6062	-293	-3327	7608	-8499	6683	-5495	-108	7401	-4587	
-1759	470	4935	6942	5966	3738	7324	5247	8564	-381	
3064	7429	-5408	6071	-1409	-5372	-2399	-4297	4152	9225	
-1679	2618	5119	9371	6514	9029	-1739	-3252	468	-2679	
8279	6402	-2989	9048	-916	2588	-3939	869	279	-669	
304	-1384	2605	4368	5922	7915	-4512	1588	6491	2565	
6842	-4377	-8260	8944	4070	-6288	-2301	8056	-2552	9806	
-8314	4834	-6772	-5759	8829	-8698	-7333	-1032	1244	2987	
1643	6552	3550	7326	1102	-5723	-9699	-5265	-6902	-1008	
414	7784	-8471	-4291	-7926	7690	8038	-8400	-3466	-4571	
4808	-9196	3492	-7468	-4660	9319	-510	-8397	-5990	9381	
8176	-2625	7738	9584	9888	7208	-7201	-5319	3638	725	
-1407	-3251	-5265	436	2697	9375	5918	7420	-1563	-4210	
8272	5345	-1061	-6861	-3695	-5357	-422	-6999	7016	7764	
-3572	-1319	-8419	2804	4841	9024	-3621	-1749	-7227	-5216	
2769	6354	552	-3072	4722	-5634	-7778	9121	-6948	-7846	
8229	-2562	-8650	1119	-1404	8286	-6094	9619	7644	4442	
-9262	6236	534	9189	-90	-5985	-3845	5853	5492	4314	
-3453	-7155	9169	9658	1381	-1956	5291	7929	-7347	-8650	
-2903	2039	-9461	-3500	-5046	4660	-5208	-6390	2634	3560	
2580	3150	803	-9025	-4165	192	1040	3028	9398	4218	
-6259	7529	-7171	-6539	2746	-6464	7674	-8587	2078	1146	
-6599	8498	-7480	1769	667	5125	1361	499	4906	1803	
-4898	-1338	2119	5593	2625	6034	-321	6204	2398	1128	
-484	11	8843	8429	5399	908	-1775	1818	9419	-4833	
-688	-8044	-7386	-3605	-2881	2339	4153	4099	4304	-7311	
3342	-2571	-3407	1344	-8104	1071	3631	8296	-2490	-7410	
5717	-7859	-9614	6116	-2669	5945	-2954	-5595	2426	7547	
-4738	9390	8067	-6469	6552	-8493	-2929	-2152	-8920	-7708	
-471	-9151	-9448	9691	6920	6348	1997	-7420	369	-7946	
-1419	-983	-7431	6392	-6596	-9383	-2841	-7806	-9923	-6091	
-7496	1110	373	3511	4156	3396	-9132	-97	1246	6462	
-51	-1669	-6974	-5513	-3155	-5806	-5978	-3140	5000	6125	
-4789	9135	-8914	-5278	9933	-4868	-7779	8159	9837	-1797	
8880	-8657	-1392	5057	-4331	1164	9920	-9918	4925	-9438	
2544	-761	-1268	8796	-2083	1063	-8144	7277	6672	-1274	
-4274	3004	9760	-9945	-7112	-7315	4789	-5425	2746	-8440	
1063	-3944	2580	8969	3845	-9490	-1182	-925	-7055	7818	
-6441	9457	-2456	-6872	6441	4187	5376	-9561	1381	9217	
6218	3516	-349	-2969	7862	2483	5172	4541	-1258	1476	
4568	106	-741	8462	-1076	-7883	-9445	-3246	1184	-113	
3285	-3953	4455	7168	7915	757	-6361	7756	-6739	4008	
4593	-5278	-4457	-5261	-2390	-3391	-8336	5318	-1816	-7353	
9779	5486	4120	-2728	-4821	-8912	-7140	1767	-1640	1474	
83	-4764	7598	-9243	8496	7266	3516	-9950	-7348	3876	
3370	-6944	-6922	-4189	7195	4671	-8119	2558	-5422	-9099	
7063	1119	-399	5763	97	-9466	4957	435	-4728	-268	
1341	-432	-7490	-8042	3553	2273	-618	8108	1984	-1245	
-9766	-5195	3577	-222	-4326	-4359	8603	3508	1250	-7437	
1888	-4333	-3899	-6920	4436	6357	9782	-6680	6932	-3638	
5589	8272	-8527	-79	-410	1242	3859	6742	-5667	5522	
2714	2316	8182	8757	6016	355	8897	7544	1051	-2746	
3002	5138	4478	2581	-3114	1351	-5057	-8038	-6022	9171	
-1741	-9847	1030	431	-9770	-5608	7087	-1790	-1081	5977	
3242	-9337	-8209	7729	-6301	-6345	4610	-1066	5741	-2413	
-6018	1577	-5291	-719	-6960	-6355	5679	-5472	5271	6212	
-910	3321	3552	8997	4063	-7900	-6128	8411	-7012	9860	
-3840	-8195	672	7008	-5854	6149	-9593	5839	-9598	-5520	
-4380	-5761	9288	-4655	8470	-2846	9050	-9198	9139	-3498	
127	-4120	3458	9328	8574	7889	-4315	6564	-508	-7155	
-8845	-6573	-1884	2422	-989	-6671	3832	-6754	4516	-2831	
-9978	-5116	6314	-7504	8351	2834	-574	2587	1633	3125	
-3289	3134	-5349	8314	-6579	1355	816	-286	-2149	-2750	
2965	1122	-7146	-7709	6229	5145	6360	397	-5643	4654	
4479	9778	9105	4070	-1183	1465	-9180	8319	1309	-1041	
4839	-1236	-5939	1548	-2159	-6866	9177	8542	-8772	3691	
7141	-2572	-2328	2221	-918	-8760	-1991	-7079	7329	2857	
-2052	-6101	-9733	-8892	-1145	8939	-4849	-2769	-2083	-6066	
3563	4659	-2831	-7637	3051	-845	-5822	-1065	5768	-1059	
-6235	8352	-7833	-8245	-3935	9731	-5710	3990	8019	-53	
-9532	-839	-9583	-3897	8830	2013	-6900	4838	2711	8358	
9358	9905	8208	-4775	-253	8037	-8059	2728	8821	-2101	
-3425	-7300	8111	-7114	326	2078	2819	-7687	-3692	-62	
2215	9282	5765	-2256	6713	-9353	8362	-7568	-701	-2773	
4285	-6031	4795	-1123	6383	-585	3905	7022	-5987	8959	
43	-9187	8417	-4368	-34	-9696	8293	9535	-7278	5633	
9682	-5890	-104	-7725	7014	-8733	-1576	-6737	7812	-4463	
-5358	1871	4614	8933	-8410	9094	7469	-8865	-9744	-5605	
-39	-2229	779	3648	-4620	5803	-8074	-5613	1992	9283	
2035	7600	5905	5536	-3956	-3663	2509	-1146	-8847	-2109	
3312	4052	7036	1222	9909	-7434	9814	7073	-1170	-8473	
-1070	-7649	-8612	8065	5527	-9910	9786	5923	-4421	-7902	
180	-7779	-4726	-1414	-107	-3205	9638	-8176	-9538	9100	
7368	-8249	-974	-5906	-7995	1091	270	8087	1805	-864	
-7530	-5790	-5044	3502	-854	1621	-2701	-3571	-8104	-5845	
1361	-9278	3852	-4190	-5222	3187	642	355	-5878	3621	
-773	2026	-5341	-7249	3981	5777	9073	1882	-3179	-1699	
8015	-7561	681	4452	-4253	-1155	-984	-1382	-7356	7006	
2162	2615	-8484	-2235	9396	5542	3816	-1137	-7397	7852	
6556	1827	-5974	-6317	8515	238	2375	-8653	-4060	-1089	
1871	-7972	-3519	-6084	-1398	1378	8185	-6016	-7783	4837	
1293	-6222	-7796	-3941	7168	-8190	-3504	-9091	-5769	4226	
7717	7915	-2848	-1090	4814	-9475	4174	-1094	-4606	-9113	
-7038	6599	8255	8647	-8602	-2110	-706	3150	6068	841	
-255	-3991	5651	-4389	-8823	9196	2145	9898	-5499	2970	
2220	-7681	8036	8818	8314	-6613	-4757	-4519	-664	-5722	
7330	8385	-5521	-4602	3465	4211	2499	2429	-7799	-8322	
4438	-3186	-2235	-9797	3962	7118	-9266	7836	-9085	2228	
-7530	-879	6890	7324	9948	2391	3246	-7458	1830	-8770	
5940	-2299	8749	4437	1520	1519	3090	-4332	4476	5312	
1294	-7003	-315	355	-3993	-9937	-8315	-1026	-3681	-5919	
8682	-2159	519	2168	-6826	8011	-4528	9101	-6880	-87	
8802	-4962	3767	1036	-1595	-5289	-6073	-1418	-6499	-7811	
4500	-320	8499	7991	2883	9275	2638	2137	4536	4257	
-1056	2638	7482	6807	252	4833	-5997	-3614	1382	-8312	
-780	-7230	-3325	-9202	4853	-4432	-8593	-2116	-5191	5711	
7502	-6333	8848	-3534	-3206	680	8086	202	-581	-4756	
-9320	-9270	-6828	4823	2551	4217	-9862	1281	-3162	9555	
-8256	9980	2830	-4835	6637	-7231	-5680	-5053	-3057	7446	
3594	4847	3817	1721	4915	6632	-5048	-8564	2784	8869	
-2061	8637	4713	-4500	3009	-9008	-7066	5260	-9084	4075	
-3374	-3341	-4285	2366	8210	6509	2309	-4563	-5265	-8454	
489	-5253	6686	8970	6707	8820	-4959	-745	-5343	2232	
4391	4255	-4933	-6337	-7570	-8835	-6135	7821	1417	4003	
7710	852	5948	-842	8626	-4128	4260	-6970	-114	4259	
-9484	-6679	6529	3326	7802	-9517	2255	-5496	-8736	-717	
-7096	6814	654	5453	535	7111	1164	-7569	7025	-9501	
-3995	3123	-4179	-3568	-3000	6992	9267	8184	4680	1917	
8493	-3814	-4125	-2524	-7078	-5645	-5984	-8546	-5215	-5815	
-9199	-9552	-2269	7508	-9448	6850	7401	-1943	4550	1528	
-8868	9764	-5633	5583	3220	-3470	-8295	-9195	-6840	7449	
-2238	-7067	9860	4580	2817	-7938	-6919	7022	-5803	-576	
-178	2346	-3749	3138	-6316	4237	-3445	4274	-9129	-4551	
-5503	6794	5232	-9914	-6663	-4501	5911	-8625	5427	4761	
278	-1385	-7081	-9037	6329	-4074	1714	3565	9922	6500	
-1314	-3988	953	-4384	159	5661	-5600	989	8170	9458	
932	-8918	-3104	-1702	-8465	-9892	7064	-2820	-133	923	
699	-7536	4161	7430	-6935	-2214	-8177	-125	-3463	-4188	
-9800	-4217	7581	7446	3238	-2466	6884	7765	-3446	6392	
9561	3573	-9228	-9519	-7352	-5252	-5666	3290	-4511	7125	
5826	-3543	9013	-9107	-8180	3802	221	-2514	-1557	-8928	
3610	9590	1569	7949	-1352	-3053	6745	8601	-6453	9309	
-4360	8082	9403	4624	7948	4705	5948	-1628	-2303	7989	
8758	9611	3506	-7282	-2780	-9850	1533	4583	-3976	-4316	
-4913	4449	-2405	9944	2847	9577	-3599	-6378	9463	3429	
8155	3083	-9716	6592	-3306	-6090	4974	6415	1665	-7962	
251	-3905	2109	-5711	-8625	-5346	7533	-7027	2102	-2398	
8156	6991	-63	9465	-4291	-7713	-5001	-2833	-4594	3220	
4931	-6698	-4010	8177	-4309	3157	-1331	-5541	9153	4975	
-2725	2454	8754	-9010	-744	-2629	-645	-1524	115	-4392	
4732	-4066	6286	8868	-9627	5117	3654	-1923	3692	-557	
8401	4448	9121	-9697	1280	1156	-3431	-7676	2916	-524	
742	-6764	9165	9255	-4088	2164	6253	-578	-9124	-9267	
7642	-9799	3666	719	9331	-8874	3101	-9759	8826	135	
676	7113	-7712	-1905	-8779	-6796	4446	-2215	3641	8611	
3487	-3596	1443	-1357	-6373	-5233	8066	-1529	8574	1325	
-4043	5460	-9432	-4155	2014	-9303	5869	2649	6319	9177	
4412	4945	-6911	1222	-1059	-9228	-2684	9515	9204	-7454	
-6575	-3930	7426	8304	2043	-4800	458	3296	-1117	3322	
-5103	-1507	9995	-2409	2462	208	-830	5568	482	-7998	
7486	-9160	2545	-2833	-8408	-1860	-8946	-1245	-5807	1046	
5125	5076	9571	-2561	-9167	8955	-6926	3406	-9826	-8080	
81	-7838	-1431	-8383	-7232	-2041	7139	-4658	-221	5256	
-8652	1604	7727	-7662	3740	-4267	-4515	9377	1173	-2607	
-8287	-1526	2069	-4669	9492	-2973	6288	809	-3475	-7182	
-6982	5393	-5362	8369	-1271	-9875	5722	-2725	-1575	-1453	
-3003	-9706	8361	-6092	4548	-5891	-8126	1335	4068	-5496	
-8008	1425	-9418	-710	5353	-5278	3367	-9529	-2077	-2513	
-6738	1760	-1118	-6504	-9313	-5987	-2889	-522	-6755	2757	
2660	7411	4588	-3779	-4797	-8731	-6109	-2293	3559	-2872	
6624	1605	7130	9111	6934	-7013	-9915	-6713	-3454	-9890	
7854	-8992	7867	3179	7132	3449	-3992	-4488	-3626	-2481	
331	7258	-3319	9090	-325	49	8296	7692	-8561	784	
1166	-9858	534	-6452	-2241	4568	-1212	7873	-7284	4581	
2695	4412	-555	-9135	-1768	2248	5577	3688	-3156	-1384	
8713	-8979	-5750	3758	-2549	-5421	-9321	-8314	5243	-197	
2317	3650	2267	-8821	-6454	-5518	1482	-3385	1765	4991	
5283	3087	5627	5845	-8196	-8651	-952	-1653	-6993	-807	
977	3824	470	1283	-2819	-9420	-3633	7228	-444	-4464	
-6337	9705	-8064	2067	-9293	2725	-5952	7689	2593	8537	
-2116	-9846	1453	6523	-830	3613	5704	-5503	9934	9607	
-5614	-7232	-3943	9236	-9344	4517	-2679	-8959	-199	-5521	
-3482	8003	-8582	-2137	6988	-6345	-6727	5470	3740	4487	
-8249	8001	-6515	-8810	8911	-2053	3136	-4216	-6437	-7896	
8401	-8975	-3915	8689	4905	-2503	3723	-6008	144	-3352	
-9460	-2495	1760	8819	-3729	4364	6645	-2429	-9294	1771	
-5343	6367	1632	-1164	-4356	7894	-8340	68	-4680	-2773	
9786	-9346	-3374	-6755	4733	-6753	6885	8401	-7397	-4929	
-3752	6366	-756	295	5080	981	-3871	201	9440	-8437	
-5694	-5792	-5868	7237	240	-1627	-2162	3551	553	9355	
-3921	-7655	3401	-1032	-1641	-8738	-1330	6720	-5392	-9934	
-5900	2143	3940	9559	3966	-8653	1680	6396	4950	-4140	
3056	547	-1236	-9871	-615	5261	-5349	3944	9381	3621	
8329	-1310	5289	7269	237	-4887	-6589	-7959	1258	-2234	
-7057	3054	9146	-8037	6521	8646	1574	6586	7628	-4580	
-6191	5600	-8439	2302	-3179	-4238	-5228	-3316	-3931	-2350	
-7512	-229	5457	8894	938	5094	-24	6981	-6790	-4303	
-5768	7367	646	4955	2705	-2872	794	-7391	7239	4752	
-1198	-2231	470	5250	-8912	-4111	-672	87	-3224	6420	
6258	-1482	-2440	-810	-3035	1619	-6251	429	8287	2945	
-8063	6412	7226	2485	8889	6028	4893	-391	-5269	6681	
-3354	4265	2180	-5513	6697	301	-4345	-9296	-2862	-9965	
-7526	-2885	8934	1993	571	-8055	9127	-9964	-208	2543	
2071	-7344	9787	-4852	-9004	-731	-3124	7062	6210	-6526	
-5520	-8987	38	-392	3336	3995	-402	2102	500	1774	
-4306	9916	-8594	3892	9701	1278	9748	7274	4446	1975	
-5347	-7583	-4942	-313	8172	-9659	-3861	-2261	-2814	-629	
-7644	-8680	2542	6455	2508	-2573	2752	3783	713	5167	
-805	7712	-5031	-412	-152	-6765	8371	7081	-9433	-4789	
-820	-1041	-7231	-9867	-5098	665	-1191	3916	2531	-2917	
9024	-9471	3847	-7410	-2136	-5276	7067	-4083	-8144	2545	
4542	-113	5566	5721	-8714	7681	8492	3788	6996	-3617	
1945	8096	1877	-6897	-737	-2047	2373	-3749	6628	3509	
-193	-8631	3082	8586	-1009	-2504	-3838	-3361	-6856	-5383	
-9410	6188	-9647	4584	2115	5614	-4566	-7387	8061	7635	
-6068	5011	3436	-1762	9055	9101	-5763	-6152	1925	6848	
-9900	3668	9507	9513	-284	-2436	1664	-8117	-9471	-4323	
3142	5868	4812	-436	5190	-3378	7822	883	3480	-8507	
-1664	-963	1855	7610	8231	2745	-1781	5819	-1379	-4818	
-3624	1916	8202	-9444	5428	-7858	2386	-6806	-7682	-4198	
-6105	-9582	9962	3835	3359	453	-5375	-907	-2143	-1220	
5765	3990	-7719	5404	8978	8455	-2037	-9947	-5601	-7954	
7076	9207	132	6724	-597	-7198	3062	-3762	759	-6424	
-6898	1274	3674	-5807	9063	-8456	7643	-1685	-9626	-622	
4450	-7012	3060	9610	2764	-8730	-2009	-5618	-7490	-8267	
-9633	-1670	4214	-760	-3476	-821	8924	-1319	1708	-5093	
3672	-9909	-9454	2942	2846	7279	-3230	5624	4548	-7533	
1881	5177	4372	2472	-6262	-9098	732	-6578	1731	9380	
3363	-7650	-5042	-2573	2454	-2477	-2669	-3322	8129	8502	
-6213	4939	-5543	9573	6959	-9509	-2315	5344	415	-1073	
-9891	-3088	-770	-2308	155	211	9867	-2899	8686	104	
-2486	5885	9278	-8109	-6799	6253	-439	4846	-9921	-6840	
7740	6029	6950	-5104	-2115	-1364	-3191	-6044	-6171	9495	
-1503	8145	3659	6485	-7014	6066	4284	6354	666	8549	
-7098	6792	-8159	1387	-845	4490	75	220	-9484	-3284	
-8845	4293	-2477	-302	-4846	2879	-8630	-4525	6149	1869	
-207	-5527	8908	-4334	1938	9528	6991	4364	4538	-1575	
3131	-9519	-7288	-2205	-2582	2564	6247	5940	545	5300	
6360	-7359	1170	-8078	-7383	-8072	4290	9292	-8574	-5106	
2565	-7829	8958	-8854	3525	197	7318	-3540	8098	-8416	
8537	-1220	3539	3940	-2280	6315	9611	7548	-3107	-6008	
-2186	713	7388	-4255	2626	7714	-830	1875	-2149	4811	
-6550	4337	1007	-4047	-7473	7149	9232	-4032	1275	-6874	
-3721	1634	7677	-8178	-6458	-8396	-7111	5750	-4794	4774	
3290	4728	6095	-6066	3299	2657	-2074	6762	-4445	8985	
6080	-1232	8518	432	-7291	-9676	136	-1817	2352	-2826	
-7772	-8200	-8461	5252	9323	3875	-8393	-4813	4400	-9609	
6144	-6378	-32	-9351	-3121	-6503	7696	9139	-3006	7805	
7470	-8132	-8490	-913	-6375	-8864	-6355	-3065	9549	-9844	
5994	1946	1206	3320	-2440	7453	-4314	-7183	4459	6007	
545	3714	9086	-3903	-6763	-3138	795	-2116	8616	2477	
-2054	3407	9578	-4847	7297	3580	9769	147	-7447	-4962	
4002	4815	8097	5089	-11	-9479	7691	-6754	9202	2250	
3045	7122	4336	-3925	3586	-5926	1757	-8452	-4329	-8852	
7983	-8638	-6286	277	4664	-2805	-1020	2795	-2888	-4833	
3903	7374	524	1509	4154	-480	9093	1038	-3279	-3811	
-2828	-5501	-1495	-9607	-4255	2694	-110	4757	-2758	71	
4646	3806	-6552	2534	-2738	2370	3806	9407	-2717	-5777	
-3765	-7113	3953	9770	366	-6495	-8424	2825	-951	3182	
-1364	-3026	-2385	6255	-7459	-288	119	-5304	-2095	1703	
-5454	9714	-6676	-8604	-4487	-1427	7218	-3157	-3105	-31	
-7421	-4770	-8123	-6641	-827	-8185	-403	-6855	6848	-5711	
7751	-9782	4642	-573	7911	-477	7906	91	2711	8675	
-3262	3235	5512	7122	9550	-3565	7972	-1205	3042	-6269	
-8673	9284	-6904	5706	4524	7451	-4131	8408	5324	7775	
5397	-8372	-2303	-3081	7285	-7085	-5344	627	-3041	9150	
-1691	141	-9045	-2754	320	955	7888	-8321	4462	1301	
-6686	4702	-701	6173	1141	264	-9982	8143	9471	9681	
-2385	8295	2236	-3570	-3525	-6422	6603	-4209	8191	3570	
2902	-3524	-9244	6425	2671	9739	-1857	6305	5653	-9572	
-5190	4477	6262	2961	-8499	-672	2126	-2675	-7444	-4960	
7726	1799	-6598	-7866	8152	-821	4315	3093	487	-9331	
1991	1461	4747	8907	282	-8293	-6671	9887	3400	1623	
-5406	9085	6542	7897	-2814	2223	-4349	5984	-2856	3403	
9102	2593	-2802	8013	5137	6000	4910	-8778	-7709	-6098	
-8212	2625	-7044	7824	9315	9086	-4823	-4025	-7049	-1299	
-1377	-3535	-1286	7576	-2996	1724	7050	2125	-5751	8562	
6455	-5833	-7156	-5626	7330	-8584	-327	-5991	-2367	7269	
5720	1256	-6016	-5378	6691	-8618	-1983	5480	-3178	9746	
4	1513	1161	9989	-6847	2144	-5575	-2726	1618	-1634	
-3774	4874	3822	-7547	-2871	2819	-432	1595	949	-5228	
8214	-8822	9150	9879	-2651	-5064	-9026	-4804	6090	-674	
1765	-9042	-4772	7720	-5400	-1627	-3491	-4120	-8647	4327	
-7170	-2602	-8527	-4645	1762	-2232	9258	-8628	-5829	8522	
1962	86	4017	-2309	1945	4976	-9951	9220	-493	5750	
3778	-7915	793	9393	-1341	-3779	-6910	-5115	-3089	3525	
-7568	4184	-4941	3018	-8035	-8838	-8714	-74	-2413	7637	
-1689	-5190	6074	4466	-1579	4746	6413	965	-5801	-4747	
9510	6391	4684	9823	472	-6738	-1156	-1059	507	4283	
6142	1292	-7199	287	7379	-8722	6695	-7877	-3793	2274	
-696	6098	2808	-4802	8427	7229	-5914	1740	-771	-1428	
-3029	-2945	-6887	7892	-4052	817	-3740	8857	-3795	-9958	
-3019	9849	5611	9071	3537	-4462	8835	6356	-427	7185	
48	9183	1644	-8968	-3374	-3701	-4127	3531	-2071	-9739	
-4594	-7656	9248	3447	2610	5248	-2521	-9921	-8254	9542	
-5063	-4885	-5258	5715	9565	-7741	2308	-1884	-2041	-4430	
-6166	2961	9406	-9565	3652	5210	-8359	-1964	-7586	2544	
-8350	633	-2556	4765	-548	-1328	437	-1103	8417	-9123	
3925	1450	3524	4162	-9375	3583	-3626	-4036	5534	-4247	
1636	-3588	3050	5838	6269	4192	-1324	8108	8945	6286	
-4120	-3649	3028	-820	4194	1615	3970	-4289	3012	3928	
9949	-8833	-8925	-8649	274	-845	-1413	-6098	-4582	-8466	
-3294	-6891	8092	2597	-7686	6526	5839	-1109	6592	8834	
-2818	5452	7394	8812	7236	-3166	-7794	-2302	3574	-7529	
-1627	-1684	4416	-8392	-6162	-5245	9223	-7310	8071	4983	
-9010	4525	3510	-9700	-5099	5793	2365	9106	1563	-6280	
-6068	-2384	-7580	5762	-624	-1331	-5547	-9905	2314	7338	
-8836	-147	-7749	4543	-51	9566	795	-2879	-6233	4724	
4265	2092	22	-1236	7452	883	8273	-1755	-1513	6305	
1059	-9413	-8965	-4213	8295	-7611	9047	-8204	9388	-7353	
-3173	1596	-9224	1748	650	-7866	2217	-1917	-50	2597	
6198	6893	6789	4482	8725	9025	5944	9228	2773	-3516	
9517	-867	1963	4808	-8302	2437	-8789	5640	-9542	-6890	
2380	4605	-1691	-565	8046	-9440	-3721	8053	8055	5565	
106	-4125	-1512	1264	-4193	-8531	8335	-3042	8656	5469	
-9434	-1357	-2847	2747	7864	-13	6197	-7724	-1356	4863	
8381	-6970	-7462	-9337	6251	-8981	-6302	70	3365	2591	
6332	-514	-9003	623	-5486	1137	3868	6432	-919	-7751	
4551	-167	-1625	-2555	6330	7631	-1394	7024	-8728	4747	
2502	5055	-1979	-9927	-8487	-2249	6291	7664	-1512	-7943	
-2728	6777	9627	1627	4113	-5315	-5530	-892	2463	6224	
-5113	9604	-448	-8972	-4261	-9554	5753	5228	-2960	-5389	
-4625	4350	6405	-4453	6581	6115	-7986	-9470	-4577	5806	
4820	5678	-3980	7030	9625	-5239	3235	-3550	-8455	7999	
3245	-9616	5484	-3628	-2400	-4349	5576	9475	-1309	-7577	
-6077	-3313	2765	-607	9910	4104	9713	-2217	-1156	4765	
-5644	4793	-4774	7896	-3394	523	8730	4378	-4338	-1199	
8079	-9069	8680	-7882	6557	3422	-5782	-4584	-8560	5687	
-5123	9651	-3702	2074	1799	3016	-2405	-7975	8061	9578	
8200	-7014	-4139	-3066	4942	1259	1593	5900	-8256	-829	
-6856	7070	-8723	6038	2774	5299	-9187	-9836	4292	1769	
-5607	6398	-181	-7675	-7606	-7866	8545	-9240	-1383	3971	
4094	8656	5974	-8434	-7032	9607	9333	-100	4842	109	
-4334	4791	-2845	-963	2997	9499	-7013	4318	3568	3787	
-1296	-3576	4806	-5171	-177	-9519	3654	-1143	7295	-8781	
7604	5017	-970	-2308	-279	9389	-9553	-9550	-2703	-7938	
-6957	7073	6706	-5524	-716	3522	8972	-6921	1401	-3703	
8316	8982	9907	-8821	3642	-1896	-4625	-9078	-1437	-5643	
-4540	671	1425	-3921	-6292	3875	5989	1450	8847	8250	
3303	8965	986	-7524	-6332	245	-3089	-2623	5879	9181	
5206	2377	5858	2827	7985	-5531	-8485	3442	-8018	-1723	
-9916	-6241	7253	-3809	-9998	2106	481	4217	7663	-1477	
8172	-4845	8795	-1562	6146	-4332	-4146	4613	-5064	-9873	
-8648	3105	-8171	9745	1673	157	-7058	4618	3564	-8209	
1264	-3082	430	315	-7434	3559	-6051	9453	4475	-2063	
1259	-3533	-3063	-9998	594	1237	-6512	9691	17	9234	
-8142	-3809	1044	1880	-1893	-1993	-7757	-8737	-6035	6063	
1169	-2109	-2374	-2799	-5276	-8803	3819	-7156	-108	3325	
-7779	-3072	-356	8773	-2901	-695	430	-9755	-7706	-3450	
-6381	4046	6370	-9019	-5968	3125	330	-3572	-380	4807	
1140	-9498	9486	-1405	8814	681	3883	-9063	-3880	-3936	
-6563	5341	7883	3290	2951	-4889	-5641	1262	532	-3862	
-9622	5064	7256	-6641	-4276	2005	-9330	-6931	6440	-8121	
-447	-4377	-8443	4677	8166	-3325	-3341	-2926	-7130	9186	
6336	-9351	9946	7521	-1366	1298	-6033	7691	9999	5523	
-7767	-7848	448	-8618	-3101	-6617	20	-8989	2580	-9869	
-648	7514	3245	-7659	9509	8479	8031	-6986	-6550	-1822	
-3846	-1042	1832	8617	-4335	-4546	2205	221	-167	-6362	
-2153	-4018	7791	-92	3850	-3452	-1031	4811	1789	7491	
7652	-4100	5823	3226	-3667	-925	4855	-5720	-8388	-3952	
-9607	7307	4075	8112	-940	-8442	6532	6119	-7352	-3154	
-1656	589	4661	-3374	9964	8930	2702	4837	-5603	-4913	
-4724	-2998	-924	-1157	5632	8602	-8507	9510	9120	-7052	
-1983	8645	3459	9346	5596	-8549	2632	-3133	4761	5713	
-4433	8859	-7679	9234	-597	2292	66	9925	-3185	2926	
-3660	1127	3718	-1174	6679	-3644	-6401	-4241	9208	-6702	
5989	-6217	-6574	-470	4012	-166	5489	-9468	3431	9653	
7570	2255	-5737	-1002	-2361	-7254	2174	5062	-2569	-127	
-174	1587	-2175	-25	4428	9529	-5952	-6804	32	1165	
-2422	-3269	3303	2086	4019	-4205	-3975	3848	1551	-2272	
4502	7790	4629	9013	-7357	-6413	-2433	-7800	2034	2045	
-7923	-9941	5657	3623	-4247	-7390	7429	8554	6213	1894	
-3160	-1849	289	6549	-2419	-3949	-5336	3603	-7476	-9728	
-5510	833	-5095	-3708	-8699	6360	-7305	-8153	-180	-2878	
-7286	4206	-9590	5910	8650	5279	-6929	-6194	-3661	-5007	
2153	-442	-7110	-6990	3614	-1037	-5382	3188	-2794	-4610	
-6773	-7787	-395	860	6068	-3415	-7642	-1909	-456	5926	
7219	1899	9932	6572	8720	2358	1320	-8817	-4584	2558	
8348	-9694	-7664	1121	-8614	8130	-6521	-885	4369	-9476	
-4545	-151	3162	4572	9381	6853	5163	-2061	-7557	6179	
-4215	-6396	7415	2039	6586	5035	8901	7616	-3272	-9942	
520	3845	1858	-2510	1341	-7253	-7028	-3990	-6688	3856	
-777	-3777	-9272	-8889	5308	-8471	8685	5648	-5503	3669	
650	1875	8686	-1932	-2019	-2887	-3143	3455	-5460	7751	
-2467	3845	7490	3800	-4087	6195	662	5206	8021	2079	
-2644	-8555	-2512	4049	2197	716	1396	7407	4658	-399	
8059	-2269	-5450	4175	-7797	-8821	-9303	8006	3597	3836	
5704	-320	603	-5932	-6550	-5556	1079	-9221	-5986	2008	
-1704	5685	6672	-1905	-673	4647	2378	8781	-9623	5699	
9079	-8037	-2275	4338	-3421	-8884	1861	-3364	2014	-781	
-9031	-5897	-9537	-9506	6422	5258	4645	9811	-1810	1469	
-5287	-5211	2393	6367	4239	5075	4266	-9261	2027	-7459	
4220	-3944	-4575	3876	1899	7828	-2955	9373	4447	-1604	
-9984	-8302	-6782	-2941	5908	-2090	5939	92	3831	-2686	
8819	8461	9899	7920	-387	-4654	-5490	5491	8435	-2869	
2749	-2383	4915	-3388	3123	9951	-6872	9343	4080	3863	
-6723	-65	-2443	-4680	3148	9651	8747	698	-7787	9822	
-4093	-3283	-982	4671	-4808	6861	-2393	-286	9360	3396	
7039	-3486	6434	-9572	7985	-199	3538	1695	4378	-9083	
-3304	237	5571	-5831	-3650	8249	2139	8957	-952	-2591	
-8736	-9117	2541	-7416	3703	-472	-2044	6545	5755	1026	
-6918	7034	9266	-7092	1471	499	1658	-4725	9633	-4807	
5219	-9028	-8175	7380	-1898	9757	-6143	-407	-6349	-4236	
6126	7900	1369	4224	7739	5287	-963	7770	-5357	7151	
1374	6343	-2704	-3703	-1585	3485	3897	-5143	-9197	2799	
5605	6498	7623	-73	9183	95	-4103	6176	9922	-1060	
7191	-6195	-4989	-9534	8034	4328	-3954	-995	-2782	2123	
-8791	-8196	-7406	-4315	-8619	6213	827	-3735	-6446	-4846	
9215	-5191	-3582	332	8844	-5493	1062	9090	977	-9419	
-28	1894	9548	-9638	-8598	3524	9057	17	-9236	-7936	
5608	846	-502	-4821	-5923	-1713	-9875	-4543	1915	7141	
-208	6627	3970	3549	2843	-4308	-1388	3114	-9366	-3566	
-3968	-9135	-1076	9786	-4458	3473	1671	-4392	4442	-7636	
3033	7778	8275	-9897	5882	-9488	-2493	-5798	-5123	7251	
1808	9124	5685	2735	-2815	7054	-9004	1110	5061	9770	
8143	-8734	4492	-2328	2461	9038	5913	-4220	-1346	7217	
1935	624	-6376	9529	-4471	6746	6557	-3424	4102	1305	
-2423	6222	1761	-4615	39	-9302	3486	-415	7250	-2370	
1441	-7107	-4519	-1850	-3655	2605	-1796	-2604	-9607	-1239	
4371	-4444	3654	-9201	-5330	-9	-9556	6731	9815	1166	
8268	5634	-3596	9541	-6064	7354	6152	-3767	8544	6441	
-6823	7927	-1140	-2887	-404	7443	-9527	1749	-5876	6178	
-5863	-9101	298	-8860	-4381	3038	5983	-943	3265	4894	
1324	-849	-2280	2662	3362	-9747	-7357	9307	-1762	5664	
-344	-420	7756	5847	1452	1809	-3828	-8868	8162	4564	
7922	330	286	-1194	-3673	-2842	-8792	-1840	-3283	-3141	
-724	-6936	-3744	-7434	-9713	9212	1720	-3237	-7268	6126	
2027	8993	-8005	-629	-8752	2897	7811	-2855	-7171	9750	
1223	6205	4466	-9151	-4116	7015	5646	-2819	4699	-4293	
-9313	-1687	7249	476	5496	-7561	-109	2518	6202	6401	
-3265	-3256	6549	4003	-9570	-947	3752	4344	150	-3162	
-2556	6516	7772	3333	-7698	-9573	6631	6936	8996	3869	
6015	7344	-1097	-8305	-5933	3470	8566	-8281	4618	-9815	
-3189	7732	5394	-194	95	-4105	7125	-1036	-5512	-5022	
-5687	2186	-3325	-1909	742	768	2957	-9364	-6766	-7265	
8619	-5989	7448	7462	-7879	-9375	-7368	-9934	2527	7354	
4087	-5655	-8368	9768	-8361	-3229	6540	-7565	-3518	3349	
-1530	9057	8448	827	-2145	-7442	-3256	-9311	5521	4104	
9298	-1745	7944	6570	523	-1009	618	-5325	1474	-7812	
4888	642	-8513	4937	9740	-9135	1491	-3574	322	-1717	
-5077	5315	-5165	2506	-3938	4172	-4323	3889	-9498	7965	
-5026	-6365	6219	9788	8127	-2113	-453	-7232	4782	-2151	
3062	-3712	-349	3093	-3195	-7266	3908	-1950	-8886	5897	
-3644	-9647	-9165	-5773	-9306	4017	7048	-5967	7647	-7991	
-3196	7336	-2311	-847	-9439	7322	1396	-5651	716	-5044	
-6936	-9722	-4425	5267	2917	-4857	8365	5947	-5637	-6671	
-9088	-7884	7670	1435	-9826	3961	-4191	6506	-3518	-8418	
-2005	2857	1671	-1515	3238	-3003	3032	-259	4780	-4824	
2370	-8472	3452	-8560	-7445	-2968	-4733	-9621	1915	6581	
-9418	-5807	-7048	-8323	5275	-8003	8593	-5336	904	-759	
-2128	1031	-4253	3110	-718	-9863	4456	2453	-6541	8506	
-5719	7013	2690	-4600	3120	9289	5076	-237	-897	5333	
724	-7744	-5991	6389	-7272	-5318	3865	1322	4750	-2986	
-2240	450	6070	8225	-7668	5971	7177	-536	1924	2867	
1143	-7421	1328	-425	2191	1567	-8283	7270	-8201	-3480	
-9921	7482	1467	6831	-7418	9138	-2110	8029	4467	-2345	
-7140	-8140	2924	-9527	9911	-2274	395	-3100	7217	6741	
-8835	-5995	-1624	7246	9542	-5005	-7283	-6045	-9983	-2756	
599	8443	-4763	7053	9236	-3625	-3932	7197	7674	8924	
8205	-6922	-1828	1561	8625	7281	5592	-716	-4093	-4050	
4813	-2795	8984	-7603	2986	-2994	1197	-5428	3937	261	
3144	7581	-38	-7296	9015	7042	-1660	1484	-331	8072	
6598	-3926	7019	4830	6292	9271	2835	6192	-9411	86	
-3913	-9020	-6079	-6308	2392	5520	-9472	2231	2123	4630	
1870	-1476	-8963	-8226	-8990	8108	-4168	-4850	-4947	-5310	
-9795	-4856	5192	-1605	209	-7840	-4569	4514	-5355	3705	
9258	-6312	9549	3707	3953	1757	3970	-5678	9839	-1859	
7106	-7514	-9672	730	9733	-4269	2004	-4431	6891	-7836	
-6666	-244	5985	5937	4069	-4124	-3133	-9550	6137	-6800	
-7557	9183	-4670	7438	9671	4998	-2142	7469	6169	-2777	
-7045	-1515	5752	-2001	-6557	4627	3	7472	3476	-4827	
-5354	4025	8832	-2050	-4283	8183	8673	7127	-4923	2888	
3023	2835	5642	-6505	-1206	2924	5611	-6183	-2345	7807	
290	931	-6200	-6703	-2225	9702	-4300	6109	4924	1864	
7718	7291	-549	-9536	2352	-9330	-1716	-850	-3456	-9142	
7003	-3435	-9685	-513	6374	-1931	-1146	2215	-8996	-119	
6548	8072	-9248	1914	-6054	2311	3341	5566	3054	7082	
-1548	-4943	-9331	4871	-9632	846	5131	-3666	5211	-9942	
2438	1327	2633	3309	1299	-8982	-8782	-851	4794	-3822	
6781	-2615	-5154	-7972	8504	5632	4436	4202	-2571	-3413	
-9387	-5138	-6130	-6051	3566	6013	3560	-4362	-2795	-3661	
469	-2594	8662	-2276	-2477	1540	-9365	3686	-9933	-9293	
1162	481	-5612	4206	2456	-945	-2034	-7352	-7205	-2034	
-2646	2306	5998	6111	1358	-2878	-9235	6898	5783	-1140	
4080	9872	-8097	8448	9749	-3420	8254	-8208	9622	-4025	
556	9723	-6439	-4568	4868	-6069	-7514	-7852	-5948	4392	
6227	3655	5266	-9097	8315	4175	-5383	-9198	846	2296	
2769	3333	-926	1434	1884	8162	9511	3644	1068	-4990	
7991	-5021	2338	3897	-2996	2555	5649	-4748	1420	2112	
1793	1330	1760	777	-5264	-1476	6466	-6446	-2574	-3581	
-7051	-8155	-7431	5140	-6866	-4667	-1231	4026	1615	-4042	
-6366	-4400	-6763	4460	7736	3361	-665	-7570	-5857	-6754	
399	2470	7783	9723	-251	521	6791	9543	-6937	-1155	
-6146	359	-8891	2956	3925	-50	-4264	-4412	-1727	4858	
9715	-2008	9988	1709	-7183	2774	-5741	2246	5454	3605	
9042	3549	-1518	7995	-5637	8216	2696	-9767	989	-308	
-9620	6212	9345	9779	-9949	1377	8648	6662	-9435	-8820	
-1391	-9577	9333	-6492	8598	-690	-4335	8823	-1226	-3042	
9316	-3451	2894	-2653	2553	7475	-3552	4763	-2709	-2737	
-5835	7422	-9833	7451	6270	-3717	1683	5688	9974	-5072	
9560	1040	-7292	-5019	3898	416	3613	6	-1544	5152	
4486	-7589	-4209	-3087	1558	-602	-6327	1986	-9862	569	
9075	-6018	5043	-2799	-1812	4821	-454	-5421	5880	-1626	
4803	5281	3509	-6426	5023	-7592	2406	1487	-8069	7914	
-3414	1800	-1242	-5837	-5935	-2771	-6000	506	-1691	-837	
7758	-6330	-5085	7706	-4293	7386	-5619	9415	8472	-50	
7384	-9859	-5261	-3220	5600	5920	-8923	8228	-8644	7109	
2646	4044	-7380	929	3611	1080	-1105	8173	8959	6546	
8721	3923	896	-1546	6209	-905	-1200	-2676	5056	3813	
-4067	9890	629	-6605	-3446	-8955	574	6802	1467	-1507	
-2623	2967	-528	-6589	-6783	5856	-1047	-3137	8940	-4571	
-1688	2082	3633	-3875	-941	4828	8143	1802	5368	9979	
3528	2050	-3476	-1118	-4844	-7397	8492	1793	8722	8306	
-5979	2871	2233	-8361	5550	2208	-7539	-3719	-1517	-3556	
-6930	586	-9043	1343	-7222	-4498	-1908	-1138	2386	-9403	
182	2844	9961	-4365	-6071	6657	9081	-3351	8957	-8172	
6304	-9839	-410	2821	3112	9947	-5931	-7558	-9035	6143	
9277	419	-4617	-3058	7987	-676	1471	2714	7854	4831	
2189	5214	6766	-7517	8712	4043	1690	5013	1256	657	
3617	-6351	813	-3258	-3998	8445	-5518	9398	-7929	-9854	
5147	391	7564	4360	-852	9095	958	-6227	6484	-1516	
7902	6978	7270	-856	-1852	7490	-5944	-6720	9569	7024	
7844	-6425	-4163	6572	-9924	2915	-2594	-4047	506	-5860	
-9910	9294	-2426	-1980	-3580	1567	5936	-8792	-6542	7431	
-6163	-4655	2303	3500	3935	-3145	-8228	496	-2931	2435	
9794	9543	-4174	6047	-5293	-6054	5137	-227	-4578	-2538	
5510	9313	3200	5649	-649	-4213	-3864	9884	-2807	-9051	
-3405	6558	9519	5573	-6474	-1518	-2435	-5921	-6085	6686	
-2884	-8981	-7582	7150	-4618	-1362	2632	9454	-3024	9352	
6629	-6015	-1352	6905	-337	4416	-877	-7216	-9156	8178	
1945	2802	5893	5124	4957	-9213	-1017	-3002	-4124	4757	
4483	-2142	5559	8874	-4860	-615	7444	-601	6048	-4	
-5570	983	-8136	-892	-3500	-8936	2874	8910	-3297	1223	
-1114	-6633	5189	-7293	-4115	-7409	6363	2336	6645	-7363	
888	-5301	-3143	2863	4900	-5835	2253	252	-6225	9086	
9343	1305	-5122	-5249	7258	9396	7296	-4493	2660	-8048	
8831	3363	1191	-9251	-8655	6541	-4019	1939	7886	-5712	
-1148	75	-1028	7319	-127	3706	3783	-4289	1697	-9813	
7628	3015	-918	-936	-4684	-9645	-5616	-7227	-1538	4029	
-1997	6521	-5835	3833	-1178	4761	6753	-4670	522	4931	
-4199	-3738	-3047	1828	-4042	3372	9439	-202	2018	-5667	
9347	1242	-9425	5974	-1149	-2514	-7451	-7864	-3267	5515	
3923	-2422	-1590	-6275	-2425	9980	4996	-4128	2648	792	
7273	-7085	-1472	9687	-5864	1948	4776	-3586	2295	568	
-4997	8547	-8457	-8099	860	-8929	1583	2446	-5420	-7918	
6118	-1958	259	6318	-8947	849	-8104	7489	-6552	-5756	
-6597	8418	-8020	5112	7560	-5033	9092	8358	5590	-8671	
-7890	2579	-6187	4677	-1630	-6649	9687	4343	-205	2892	
-507	-8987	9998	-7035	-8334	-4451	-2497	5896	2636	5916	
4915	-7750	910	-2764	440	7717	9619	-8871	-4831	-3272	
-5306	-3191	-8634	539	4437	-8554	-4824	-1906	-5437	7889	
7889	6941	-5540	-4140	6970	-766	3779	3787	6	-9673	
6504	-7808	8204	1046	6805	-4637	3922	4143	4455	6258	
-2348	-9723	-8582	2666	8292	-8123	1053	618	-7732	1892	
7749	1473	-1393	-9292	5886	532	8589	-6877	891	237	
-4667	-7119	-5362	4994	-619	-8597	9076	-479	-7908	8905	
6440	9590	6401	-9824	-2537	-1607	525	612	-8845	8599	
-5517	-1122	3649	-997	-2801	-9114	6158	-6184	-7124	734	
-802	-1931	1952	7946	6149	2486	2706	-6801	2862	-5180	
3772	-3833	-9960	-7368	7691	-5410	8705	-7095	3811	-1555	
-5413	2319	-9184	-9999	-7749	-173	2327	-6170	9648	-1835	
-6534	-7259	-3728	-3847	7483	6775	-2834	-9072	-1112	2805	
-3416	-1506	6260	-2530	8157	6413	-6825	-4396	6716	-6226	
-9845	-9325	9143	-8633	-8777	-6193	-1322	5853	4681	4617	
-216	4575	-3332	-1107	5621	5644	282	7019	7503	-509	
-4934	-5456	-9626	4037	8714	-7775	8922	457	6152	-6028	
-4405	-5188	-9942	-6197	6317	8178	7134	-371	-9320	-6514	
8811	-5502	1851	-5303	3222	-5238	-7120	6914	-7615	-9605	
-9877	1219	-8819	54	-6516	-5428	-1311	9285	1716	-225	
-2205	6099	-1612	5031	7970	-9337	6432	3525	8182	-9729	
-4125	-3208	8896	8325	-5844	-4472	-7317	-8112	9926	4048	
2804	1498	-7322	-3322	-8283	6297	-8579	9448	-3620	6685	
-2003	-3708	7851	-5499	9753	547	-167	4670	5685	-876	
-8282	-5480	1404	7377	-6741	8487	-9792	-7984	-9504	1939	
-2213	2376	-521	9340	9285	3742	-2523	6895	4511	-5333	
4737	2461	6763	1931	8133	-2338	2815	6789	3954	-5023	
-4722	-6222	6768	-5426	-186	7244	-9870	-4709	-2375	1556	
-9480	-8441	-5229	-1824	-9234	6262	-4822	-4513	-4558	-2358	
-7212	-8182	-2733	-9062	4946	-2102	-4108	-3918	6729	5664	
-4144	3718	-1999	-7948	-1928	3156	-4537	-1635	9304	-1675	
-6531	9929	9303	416	-8367	9515	2749	-1252	2427	2463	
-7697	5215	6784	1914	-7339	-2617	5956	-3438	9981	-9452	
-1444	199	-135	-1375	418	-9874	6339	4861	2561	-168	
-9408	-3030	-3825	1827	-2302	-8431	-2629	-9795	6088	-4384	
-3108	6576	9728	-8990	-887	-3218	-9235	-7399	3175	-2214	
-1340	-3526	7485	2256	-6033	-5115	-6429	4179	1268	3423	
217	-1934	-8176	-7986	4980	245	2333	-7536	-7949	6794	
8819	-2824	7056	6790	-3989	-761	-6991	-9222	-4770	-3165	
766	3252	-628	-5770	-8274	-7569	472	-5594	1882	3256	
-7312	5900	-6413	2717	-21	-1005	-7697	-1548	9835	943	
6622	2182	-8734	5400	3162	7255	-2319	7202	-3043	3698	
4940	89	-6098	6997	-2535	4478	-1421	-746	-2889	9593	
-4854	-2639	-1893	-5319	-686	8463	5397	3600	-7452	4596	
1041	-9052	-2945	517	5146	6003	-6239	884	7385	-7354	
7345	-8694	-2469	-1200	7257	-5104	5808	3268	2578	8826	
-529	2769	3319	2737	6488	7355	731	603	1138	6198	
5879	-3000	2418	-7711	-3588	-1284	-1571	-6691	7014	9972	
-8156	-5751	721	7063	7087	7292	-4379	475	-1931	-5155	
-9427	-9904	-8826	-7998	-7482	4269	-8853	-4796	9107	-6155	
5286	-869	5581	-603	7475	-709	2999	-8034	-8304	-2037	
-8689	5769	-263	7293	-2271	-4884	-4181	5583	-6283	4007	
6411	7741	-7927	6923	-161	-9311	9338	9528	2649	2281	
187	-1455	4757	2322	-6904	5087	9976	9862	8213	4094	
-5289	6480	6047	-184	-5062	1656	5828	-100	-1963	-9089	
6254	779	-1610	-360	5578	9439	-962	-1055	-2793	-1816	
-5658	-9474	5850	-5404	2179	816	-3217	-2743	8899	-3050	
